9.796925 -0.900534 -0.673523 -0.403828 -0.169013 -0.142353 -0.105490 -0.060864 -0.028368 -0.010973 -0.939436 -0.801045 -0.504320 -0.493483 -0.037988 -0.221634 -0.091204 -0.057575 -0.026939 -0.010222 -0.771129 -0.556910 -0.602464 -0.008068 -0.000319 -0.019504 -0.107043 -0.048736 -0.022856 -0.008237 -0.561640 -0.261076 -0.000000 -0.000000 -0.000084 -0.013565 -0.074792 -0.037952 -0.017313 -0.006139 -0.374587 -0.012324 -0.000000 -0.000000 -0.000000 -0.000232 -0.055638 -0.026284 -0.011744 -0.004161 -0.249161 -0.043152 -0.000000 -0.000000 -0.000953 -0.021700 -0.032126 -0.014933 -0.007074 -0.002603 -0.030542 -0.000002 -0.000000 -0.000000 -0.005910 -0.013873 -0.001048 -0.001204 -0.002574 -0.000135 -0.034428 -0.000001 -0.000000 -0.000010 -0.003952 -0.010136 -0.001404 -0.000910 -0.000516 -0.000165 -0.017666 -0.000061 -0.000000 -0.000126 -0.002148 -0.003898 -0.001935 -0.000369 -0.000269 -0.000082 -0.004808 -0.000027 -0.000003 -0.000604 -0.002716 -0.001080 -0.000651 -0.000270 -0.000087 -0.000026
-0.900534 12.292891 -0.910981 -0.673523 -0.360667 -0.311463 -0.230897 -0.134920 -0.064477 -0.025571 -0.877802 -0.934393 -0.752675 -0.736785 -0.027121 -0.388597 -0.207133 -0.127629 -0.060479 -0.023241 -0.756883 -0.716807 -0.606531 -0.004130 -0.000139 -0.015561 -0.197224 -0.108035 -0.049453 -0.017829 -0.571991 -0.177232 -0.000000 -0.000000 -0.000033 -0.010690 -0.114581 -0.082085 -0.037459 -0.013126 -0.386214 -0.005439 -0.000000 -0.000000 -0.000000 -0.000122 -0.097589 -0.055467 -0.025724 -0.008897 -0.221634 -0.024357 -0.000000 -0.000000 -0.000513 -0.021604 -0.051067 -0.033513 -0.016078 -0.005704 -0.016007 -0.000000 -0.000000 -0.000000 -0.004272 -0.014332 -0.000868 -0.001260 -0.004249 -0.000166 -0.021700 -0.000000 -0.000000 -0.000003 -0.003001 -0.011696 -0.001348 -0.001026 -0.000682 -0.000235 -0.011696 -0.000021 -0.000000 -0.000059 -0.001692 -0.004335 -0.002347 -0.000411 -0.000369 -0.000119 -0.002885 -0.000009 -0.000001 -0.000381 -0.002770 -0.001102 -0.000761 -0.000339 -0.000115 -0.000037
-0.673523 -0.910981 13.710979 -0.900534 -0.606647 -0.542956 -0.408277 -0.244605 -0.121150 -0.049797 -0.678070 -0.888668 -0.900534 -0.894152 -0.017500 -0.558089 -0.378278 -0.231386 -0.112421 -0.044295 -0.610391 -0.743043 -0.514207 -0.001965 -0.000058 -0.011221 -0.299946 -0.195864 -0.089004 -0.032548 -0.476425 -0.104965 -0.000000 -0.000000 -0.000013 -0.007626 -0.148275 -0.145647 -0.067418 -0.023706 -0.325168 -0.002210 -0.000000 -0.000000 -0.000000 -0.000061 -0.142162 -0.096322 -0.046799 -0.016068 -0.163989 -0.012275 -0.000000 -0.000000 -0.000258 -0.018910 -0.068252 -0.061416 -0.030209 -0.010525 -0.007455 -0.000000 -0.000000 -0.000000 -0.002786 -0.012956 -0.000655 -0.001185 -0.006034 -0.000184 -0.011878 -0.000000 -0.000000 -0.000001 -0.002043 -0.011649 -0.001158 -0.001029 -0.000798 -0.000297 -0.006684 -0.000007 -0.000000 -0.000026 -0.001190 -0.004181 -0.002475 -0.000407 -0.000446 -0.000154 -0.001513 -0.000003 -0.000000 -0.000218 -0.002442 -0.000986 -0.000777 -0.000375 -0.000135 -0.000046
-0.403828 -0.673523 -0.900534 13.644611 -0.861917 -0.790946 -0.594982 -0.361014 -0.183331 -0.077262 -0.421840 -0.690169 -0.894839 -0.888839 -0.008318 -0.651493 -0.571991 -0.341504 -0.168041 -0.067056 -0.398890 -0.636758 -0.344670 -0.000670 -0.000017 -0.005960 -0.367950 -0.289077 -0.128219 -0.046907 -0.323049 -0.047442 -0.000000 -0.000000 -0.000003 -0.004001 -0.151240 -0.209737 -0.097121 -0.033746 -0.223216 -0.000649 -0.000000 -0.000000 -0.000000 -0.000021 -0.166019 -0.135335 -0.068252 -0.022873 -0.097121 -0.004613 -0.000000 -0.000000 -0.000092 -0.012534 -0.072235 -0.091767 -0.045714 -0.015356 -0.002601 -0.000000 -0.000000 -0.000000 -0.001341 -0.008911 -0.000361 -0.000825 -0.006631 -0.000151 -0.004984 -0.000000 -0.000000 -0.000000 -0.001033 -0.008950 -0.000740 -0.000772 -0.000703 -0.000282 -0.002946 -0.000001 -0.000000 -0.000008 -0.000624 -0.003096 -0.001998 -0.000302 -0.000407 -0.000150 -0.000604 -0.000001 -0.000000 -0.000092 -0.001659 -0.000670 -0.000604 -0.000314 -0.000119 -0.000043
-0.169013 -0.360667 -0.606647 -0.861917 10.951419 -0.910981 -0.657658 -0.389494 -0.196354 -0.082148 -0.185743 -0.395454 -0.690169 -0.657911 -0.002141 -0.553388 -0.665160 -0.368446 -0.176960 -0.068925 -0.187934 -0.417724 -0.154710 -0.000114 -0.000002 -0.001715 -0.320945 -0.311882 -0.128342 -0.045060 -0.160126 -0.012914 -0.000000 -0.000000 -0.000000 -0.001132 -0.102354 -0.218756 -0.097215 -0.031873 -0.112529 -0.000098 -0.000000 -0.000000 -0.000000 -0.000003 -0.135335 -0.136459 -0.069483 -0.021604 -0.039966 -0.000974 -0.000000 -0.000000 -0.000016 -0.004890 -0.051431 -0.100695 -0.048961 -0.015002 -0.000517 -0.000000 -0.000000 -0.000000 -0.000351 -0.003657 -0.000105 -0.000317 -0.004575 -0.000067 -0.001277 -0.000000 -0.000000 -0.000000 -0.000289 -0.004277 -0.000263 -0.000328 -0.000358 -0.000152 -0.000808 -0.000000 -0.000000 -0.000001 -0.000184 -0.001406 -0.000981 -0.000126 -0.000218 -0.000084 -0.000145 -0.000000 -0.000000 -0.000021 -0.000697 -0.000270 -0.000282 -0.000156 -0.000060 -0.000023
-0.142353 -0.311463 -0.542956 -0.790946 -0.910981 13.519523 -0.888839 -0.641180 -0.389494 -0.196354 -0.151473 -0.327111 -0.566738 -0.665160 -0.005085 -0.737352 -0.870408 -0.606531 -0.354822 -0.168332 -0.146800 -0.317020 -0.179288 -0.000293 -0.000008 -0.004550 -0.504320 -0.513417 -0.265785 -0.114890 -0.121103 -0.017154 -0.000000 -0.000000 -0.000002 -0.003036 -0.189021 -0.367950 -0.201323 -0.082148 -0.084195 -0.000189 -0.000000 -0.000000 -0.000000 -0.000013 -0.222018 -0.234521 -0.142353 -0.055681 -0.034026 -0.001521 -0.000000 -0.000000 -0.000049 -0.010690 -0.091961 -0.163989 -0.097121 -0.037843 -0.000700 -0.000000 -0.000000 -0.000000 -0.000825 -0.007741 -0.000332 -0.001007 -0.012006 -0.000279 -0.001470 -0.000000 -0.000000 -0.000000 -0.000651 -0.008218 -0.000732 -0.000977 -0.001139 -0.000560 -0.000891 -0.000000 -0.000000 -0.000003 -0.000401 -0.002790 -0.002222 -0.000380 -0.000673 -0.000302 -0.000174 -0.000000 -0.000000 -0.000045 -0.001212 -0.000578 -0.000660 -0.000420 -0.000192 -0.000085
-0.105490 -0.230897 -0.408277 -0.594982 -0.657658 -0.888839 15.875089 -0.900534 -0.673523 -0.418046 -0.107683 -0.229437 -0.381491 -0.566738 -0.012583 -0.840806 -0.939436 -0.851869 -0.622118 -0.368446 -0.098740 -0.199052 -0.187934 -0.000834 -0.000035 -0.012583 -0.688711 -0.721091 -0.485765 -0.265785 -0.078143 -0.022121 -0.000000 -0.000000 -0.000008 -0.008512 -0.317692 -0.531289 -0.367950 -0.192690 -0.053581 -0.000396 -0.000000 -0.000000 -0.000000 -0.000058 -0.320452 -0.348133 -0.256598 -0.130607 -0.025566 -0.002414 -0.000000 -0.000000 -0.000167 -0.023041 -0.148275 -0.227155 -0.167945 -0.086342 -0.000953 -0.000000 -0.000000 -0.000000 -0.002012 -0.016007 -0.001115 -0.003291 -0.029754 -0.001218 -0.001627 -0.000000 -0.000000 -0.000000 -0.001503 -0.015002 -0.002083 -0.002939 -0.003621 -0.002075 -0.000933 -0.000001 -0.000000 -0.000011 -0.000888 -0.005310 -0.004858 -0.001158 -0.002052 -0.001088 -0.000203 -0.000000 -0.000000 -0.000100 -0.002007 -0.001212 -0.001503 -0.001116 -0.000612 -0.000318
-0.060864 -0.134920 -0.244605 -0.361014 -0.389494 -0.641180 -0.900534 16.557035 -0.910981 -0.688711 -0.059877 -0.127629 -0.207133 -0.384140 -0.022275 -0.756883 -0.815338 -0.945959 -0.851869 -0.622118 -0.052268 -0.100348 -0.151269 -0.001648 -0.000101 -0.024892 -0.736785 -0.800737 -0.690169 -0.471414 -0.039866 -0.021144 -0.000000 -0.000000 -0.000024 -0.017048 -0.408748 -0.604668 -0.522779 -0.345998 -0.027001 -0.000583 -0.000000 -0.000000 -0.000000 -0.000176 -0.360113 -0.406085 -0.360113 -0.234521 -0.014933 -0.002775 -0.000000 -0.000000 -0.000392 -0.036528 -0.183860 -0.249161 -0.227155 -0.151269 -0.000945 -0.000000 -0.000000 -0.000000 -0.003519 -0.024456 -0.002654 -0.007741 -0.055414 -0.003804 -0.001341 -0.000000 -0.000000 -0.000001 -0.002503 -0.020519 -0.004277 -0.006421 -0.008415 -0.005591 -0.000732 -0.000002 -0.000000 -0.000023 -0.001425 -0.007536 -0.007896 -0.002562 -0.004595 -0.002860 -0.000176 -0.000001 -0.000000 -0.000160 -0.002487 -0.001875 -0.002536 -0.002183 -0.001422 -0.000869
-0.028368 -0.064477 -0.121150 -0.183331 -0.196354 -0.389494 -0.673523 -0.910981 15.510469 -0.910981 -0.027022 -0.058422 -0.094125 -0.214921 -0.029271 -0.558089 -0.590425 -0.861751 -0.945232 -0.840806 -0.022594 -0.042144 -0.097009 -0.002352 -0.000204 -0.036556 -0.640688 -0.729456 -0.790946 -0.665160 -0.016685 -0.015543 -0.000000 -0.000000 -0.000052 -0.025307 -0.417724 -0.562829 -0.599114 -0.493483 -0.011180 -0.000624 -0.000000 -0.000000 -0.000000 -0.000372 -0.326923 -0.386214 -0.408277 -0.334488 -0.007036 -0.002397 -0.000000 -0.000000 -0.000660 -0.044193 -0.181927 -0.224550 -0.249352 -0.211153 -0.000707 -0.000000 -0.000000 -0.000000 -0.004575 -0.028648 -0.004646 -0.013599 -0.080476 -0.008807 -0.000854 -0.000000 -0.000000 -0.000002 -0.003116 -0.021817 -0.006580 -0.010574 -0.014833 -0.011375 -0.000447 -0.000003 -0.000000 -0.000036 -0.001718 -0.008275 -0.009901 -0.004265 -0.007843 -0.005695 -0.000117 -0.000001 -0.000000 -0.000191 -0.002392 -0.002220 -0.003284 -0.003263 -0.002507 -0.001787
-0.010973 -0.025571 -0.049797 -0.077262 -0.082148 -0.196354 -0.418046 -0.688711 -0.910981 12.977559 -0.010120 -0.022193 -0.035496 -0.099790 -0.031922 -0.341504 -0.354822 -0.651493 -0.870408 -0.943054 -0.008105 -0.014689 -0.051629 -0.002786 -0.000343 -0.044551 -0.462350 -0.551477 -0.752241 -0.778876 -0.005795 -0.009482 -0.000000 -0.000000 -0.000094 -0.031177 -0.354276 -0.434765 -0.569797 -0.584103 -0.003841 -0.000555 -0.000000 -0.000000 -0.000000 -0.000653 -0.246303 -0.304829 -0.384140 -0.395911 -0.002751 -0.001719 -0.000000 -0.000000 -0.000922 -0.044372 -0.149390 -0.167945 -0.227155 -0.244605 -0.000439 -0.000000 -0.000000 -0.000000 -0.004936 -0.027850 -0.006750 -0.019825 -0.096991 -0.016921 -0.000452 -0.000000 -0.000000 -0.000004 -0.003221 -0.019251 -0.008402 -0.014451 -0.021700 -0.019206 -0.000226 -0.000003 -0.000000 -0.000046 -0.001719 -0.007541 -0.010303 -0.005892 -0.011109 -0.009411 -0.000065 -0.000001 -0.000000 -0.000188 -0.001909 -0.002181 -0.003529 -0.004048 -0.003668 -0.003050
-0.939436 -0.877802 -0.678070 -0.421840 -0.185743 -0.151473 -0.107683 -0.059877 -0.027022 -0.010120 11.375154 -0.888839 -0.588725 -0.552644 -0.030944 -0.242544 -0.105490 -0.063298 -0.028544 -0.010438 -0.934393 -0.716531 -0.678070 -0.006759 -0.000241 -0.017754 -0.127923 -0.059877 -0.026691 -0.009228 -0.771129 -0.295312 -0.000000 -0.000000 -0.000069 -0.013735 -0.093207 -0.051629 -0.022594 -0.007651 -0.577405 -0.013256 -0.000000 -0.000000 -0.000000 -0.000226 -0.081519 -0.039591 -0.017206 -0.005795 -0.406085 -0.056882 -0.000000 -0.000000 -0.001089 -0.029955 -0.050695 -0.025724 -0.011744 -0.004088 -0.045617 -0.000002 -0.000000 -0.000000 -0.008429 -0.021700 -0.001447 -0.001741 -0.004236 -0.000191 -0.061582 -0.000001 -0.000000 -0.000012 -0.006417 -0.018468 -0.002290 -0.001513 -0.000872 -0.000275 -0.035970 -0.000093 -0.000000 -0.000200 -0.003952 -0.007828 -0.003850 -0.000682 -0.000516 -0.000154 -0.010545 -0.000046 -0.000004 -0.001192 -0.006151 -0.002347 -0.001427 -0.000583 -0.000184 -0.000054
-0.801045 -0.934393 -0.888668 -0.690169 -0.395454 -0.327111 -0.229437 -0.127629 -0.058422 -0.022193 -0.888839 13.583513 -0.861917 -0.798278 -0.019221 -0.408277 -0.234295 -0.134920 -0.060864 -0.022266 -0.877802 -0.900534 -0.637493 -0.002928 -0.000086 -0.012324 -0.224550 -0.127629 -0.054600 -0.018625 -0.755139 -0.180707 -0.000000 -0.000000 -0.000022 -0.009404 -0.132937 -0.107043 -0.046218 -0.015229 -0.573312 -0.004997 -0.000000 -0.000000 -0.000000 -0.000098 -0.135387 -0.079844 -0.035688 -0.011536 -0.341504 -0.028281 -0.000000 -0.000000 -0.000492 -0.026676 -0.075370 -0.055595 -0.025390 -0.008366 -0.021156 -0.000000 -0.000000 -0.000000 -0.005309 -0.020144 -0.001033 -0.001595 -0.006390 -0.000203 -0.035150 -0.000000 -0.000000 -0.000003 -0.004272 -0.019418 -0.001930 -0.001506 -0.001026 -0.000347 -0.021700 -0.000026 -0.000000 -0.000078 -0.002743 -0.007896 -0.004222 -0.000670 -0.000632 -0.000199 -0.005695 -0.000013 -0.000001 -0.000653 -0.005708 -0.002148 -0.001501 -0.000657 -0.000217 -0.000067
-0.504320 -0.752675 -0.900534 -0.894839 -0.690169 -0.566738 -0.381491 -0.207133 -0.094125 -0.035496 -0.588725 -0.861917 13.595602 -0.888839 -0.007443 -0.521675 -0.409850 -0.218966 -0.096414 -0.034428 -0.622118 -0.888668 -0.430441 -0.000748 -0.000017 -0.005333 -0.294631 -0.207133 -0.082211 -0.026913 -0.563046 -0.073991 -0.000000 -0.000000 -0.000004 -0.004001 -0.135335 -0.167945 -0.069590 -0.021637 -0.434765 -0.001132 -0.000000 -0.000000 -0.000000 -0.000024 -0.166019 -0.121103 -0.054652 -0.016390 -0.211397 -0.008985 -0.000000 -0.000000 -0.000129 -0.015654 -0.080724 -0.091767 -0.040907 -0.012296 -0.006327 -0.000000 -0.000000 -0.000000 -0.002091 -0.012436 -0.000451 -0.000922 -0.006631 -0.000135 -0.013549 -0.000000 -0.000000 -0.000001 -0.001800 -0.013959 -0.001033 -0.000964 -0.000785 -0.000282 -0.008950 -0.000004 -0.000000 -0.000018 -0.001216 -0.005395 -0.003116 -0.000421 -0.000509 -0.000168 -0.002052 -0.000002 -0.000000 -0.000223 -0.003610 -0.001304 -0.001053 -0.000490 -0.000166 -0.000054
-0.493483 -0.736785 -0.894152 -0.888839 -0.657911 -0.665160 -0.566738 -0.384140 -0.214921 -0.099790 -0.552644 -0.798278 -0.888839 16.607290 -0.024320 -0.785492 -0.584103 -0.406085 -0.223216 -0.099502 -0.552538 -0.736785 -0.595784 -0.002807 -0.000096 -0.019474 -0.531289 -0.384140 -0.198403 -0.082211 -0.479733 -0.125995 -0.000000 -0.000000 -0.000024 -0.014813 -0.300350 -0.320205 -0.167945 -0.067017 -0.365342 -0.003128 -0.000000 -0.000000 -0.000000 -0.000139 -0.316412 -0.237378 -0.130081 -0.050763 -0.209737 -0.018830 -0.000000 -0.000000 -0.000580 -0.044551 -0.171864 -0.167848 -0.093404 -0.037044 -0.011384 -0.000000 -0.000000 -0.000000 -0.006738 -0.033954 -0.002001 -0.003980 -0.021700 -0.000780 -0.019806 -0.000000 -0.000000 -0.000003 -0.005488 -0.033649 -0.003880 -0.003827 -0.003296 -0.001379 -0.012379 -0.000015 -0.000000 -0.000074 -0.003556 -0.013557 -0.008997 -0.001696 -0.002049 -0.000798 -0.003170 -0.000008 -0.000001 -0.000660 -0.007896 -0.003610 -0.003170 -0.001718 -0.000696 -0.000266
-0.037988 -0.027121 -0.017500 -0.008318 -0.002141 -0.005085 -0.012583 -0.022275 -0.029271 -0.031922 -0.030944 -0.019221 -0.007443 -0.024320 7.650514 -0.040554 -0.009433 -0.023547 -0.033805 -0.039356 -0.020237 -0.007591 -0.148846 -0.697505 -0.276415 -0.894839 -0.052108 -0.022275 -0.041310 -0.049711 -0.012780 -0.323360 -0.003644 -0.000980 -0.146490 -0.756883 -0.144699 -0.022957 -0.034968 -0.045060 -0.008753 -0.329320 -0.000301 -0.002218 -0.001573 -0.235877 -0.047442 -0.021043 -0.024357 -0.034131 -0.017953 -0.237378 -0.000237 -0.001154 -0.273718 -0.303134 -0.060224 -0.008753 -0.012721 -0.020144 -0.093404 -0.005872 -0.000167 -0.003500 -0.249161 -0.168041 -0.194214 -0.149390 -0.046646 -0.062129 -0.033085 -0.002345 -0.000067 -0.020206 -0.132759 -0.064082 -0.105409 -0.076010 -0.047854 -0.030748 -0.013526 -0.016390 -0.000137 -0.038451 -0.062572 -0.035496 -0.032548 -0.037459 -0.021637 -0.014392 -0.008094 -0.007499 -0.003890 -0.027001 -0.014962 -0.019867 -0.015765 -0.013126 -0.010101 -0.006596
-0.221634 -0.388597 -0.558089 -0.651493 -0.553388 -0.737352 -0.840806 -0.756883 -0.558089 -0.341504 -0.242544 -0.408277 -0.521675 -0.785492 -0.040554 19.236892 -0.846807 -0.800122 -0.584103 -0.345798 -0.235153 -0.354345 -0.447226 -0.004304 -0.000219 -0.040554 -0.877802 -0.756883 -0.531289 -0.294631 -0.199512 -0.090384 -0.000000 -0.000000 -0.000058 -0.031087 -0.556910 -0.640688 -0.449726 -0.242032 -0.150775 -0.002937 -0.000000 -0.000000 -0.000000 -0.000376 -0.539108 -0.482322 -0.345665 -0.183331 -0.094925 -0.015159 -0.000000 -0.000000 -0.001154 -0.080786 -0.311403 -0.328182 -0.242544 -0.131742 -0.007171 -0.000000 -0.000000 -0.000000 -0.011150 -0.060166 -0.005450 -0.012534 -0.068819 -0.003980 -0.011118 -0.000000 -0.000000 -0.000006 -0.008807 -0.055638 -0.009636 -0.011511 -0.012006 -0.006417 -0.006738 -0.000017 -0.000000 -0.000119 -0.005577 -0.022940 -0.019306 -0.005141 -0.007293 -0.003657 -0.001835 -0.000008 -0.000001 -0.000888 -0.010535 -0.006447 -0.006960 -0.004821 -0.002534 -0.001247
-0.091204 -0.207133 -0.378278 -0.571991 -0.665160 -0.870408 -0.939436 -0.815338 -0.590425 -0.354822 -0.105490 -0.234295 -0.409850 -0.584103 -0.009433 -0.846807 16.933545 -0.861917 -0.606647 -0.346264 -0.110111 -0.235696 -0.194663 -0.000643 -0.000024 -0.010541 -0.757465 -0.815338 -0.522076 -0.274034 -0.098740 -0.023028 -0.000000 -0.000000 -0.000006 -0.007932 -0.364360 -0.665160 -0.441928 -0.220996 -0.076010 -0.000392 -0.000000 -0.000000 -0.000000 -0.000052 -0.432099 -0.482601 -0.345998 -0.167397 -0.038348 -0.002928 -0.000000 -0.000000 -0.000176 -0.029271 -0.215334 -0.360113 -0.256598 -0.124814 -0.001310 -0.000000 -0.000000 -0.000000 -0.002642 -0.023041 -0.001417 -0.004380 -0.045060 -0.001584 -0.002679 -0.000000 -0.000000 -0.000000 -0.002246 -0.025157 -0.003127 -0.004494 -0.005639 -0.003187 -0.001748 -0.000001 -0.000000 -0.000016 -0.001503 -0.009814 -0.008895 -0.001970 -0.003621 -0.001884 -0.000411 -0.000001 -0.000000 -0.000181 -0.004185 -0.002424 -0.003034 -0.002222 -0.001190 -0.000608
-0.057575 -0.127629 -0.231386 -0.341504 -0.368446 -0.606531 -0.851869 -0.945959 -0.861751 -0.651493 -0.063298 -0.134920 -0.218966 -0.406085 -0.023547 -0.800122 -0.861917 19.131036 -0.900534 -0.657658 -0.061748 -0.118547 -0.178703 -0.001947 -0.000119 -0.029407 -0.870408 -0.945959 -0.815338 -0.556910 -0.052631 -0.027914 -0.000000 -0.000000 -0.000031 -0.022507 -0.539626 -0.798278 -0.690169 -0.456784 -0.039836 -0.000860 -0.000000 -0.000000 -0.000000 -0.000259 -0.531289 -0.599114 -0.531289 -0.345998 -0.024621 -0.004575 -0.000000 -0.000000 -0.000647 -0.060224 -0.303134 -0.410796 -0.374515 -0.249400 -0.001741 -0.000000 -0.000000 -0.000000 -0.006484 -0.045060 -0.004890 -0.014263 -0.102099 -0.007009 -0.002762 -0.000000 -0.000000 -0.000003 -0.005153 -0.042249 -0.008807 -0.013220 -0.017326 -0.011511 -0.001684 -0.000005 -0.000000 -0.000053 -0.003278 -0.017339 -0.018168 -0.005895 -0.010574 -0.006580 -0.000453 -0.000002 -0.000000 -0.000412 -0.006396 -0.004821 -0.006520 -0.005613 -0.003657 -0.002234
-0.026939 -0.060479 -0.112421 -0.168041 -0.176960 -0.354822 -0.622118 -0.851869 -0.945232 -0.870408 -0.028544 -0.060864 -0.096414 -0.223216 -0.033805 -0.584103 -0.606647 -0.900534 18.323953 -0.900534 -0.026507 -0.048465 -0.116648 -0.003121 -0.000280 -0.047178 -0.755139 -0.851869 -0.939436 -0.801045 -0.021775 -0.021637 -0.000000 -0.000000 -0.000080 -0.036556 -0.563046 -0.736785 -0.795215 -0.665160 -0.016280 -0.001025 -0.000000 -0.000000 -0.000000 -0.000631 -0.484180 -0.566738 -0.604668 -0.503835 -0.011663 -0.004265 -0.000000 -0.000000 -0.001232 -0.077426 -0.304829 -0.365413 -0.410796 -0.354345 -0.001400 -0.000000 -0.000000 -0.000000 -0.009194 -0.055831 -0.009438 -0.027204 -0.154205 -0.017754 -0.001846 -0.000000 -0.000000 -0.000006 -0.006956 -0.046862 -0.014666 -0.023421 -0.032655 -0.025157 -0.001072 -0.000007 -0.000000 -0.000093 -0.004265 -0.019955 -0.023949 -0.010574 -0.019206 -0.014032 -0.000318 -0.000004 -0.000001 -0.000536 -0.006427 -0.006047 -0.008918 -0.008902 -0.006893 -0.004943
-0.010222 -0.023241 -0.044295 -0.067056 -0.068925 -0.168332 -0.368446 -0.622118 -0.840806 -0.943054 -0.010438 -0.022266 -0.034428 -0.099502 -0.039356 -0.345798 -0.346264 -0.657658 -0.900534 15.405290 -0.009228 -0.016068 -0.061748 -0.004057 -0.000534 -0.061381 -0.531289 -0.622118 -0.877802 -0.934393 -0.007306 -0.013601 -0.000000 -0.000000 -0.000167 -0.048149 -0.476425 -0.551477 -0.743043 -0.785492 -0.005395 -0.000991 -0.000000 -0.000000 -0.000000 -0.001248 -0.357836 -0.434765 -0.558089 -0.594982 -0.004480 -0.003224 -0.000000 -0.000000 -0.001904 -0.080724 -0.248586 -0.263597 -0.365413 -0.408277 -0.000913 -0.000000 -0.000000 -0.000000 -0.010574 -0.056100 -0.014774 -0.042079 -0.188876 -0.036471 -0.001001 -0.000000 -0.000000 -0.000011 -0.007616 -0.042152 -0.019806 -0.033649 -0.049912 -0.044586 -0.000553 -0.000009 -0.000000 -0.000132 -0.004500 -0.018625 -0.025601 -0.015379 -0.028292 -0.024264 -0.000181 -0.000005 -0.000001 -0.000565 -0.005237 -0.006151 -0.009891 -0.011449 -0.010535 -0.008870
-0.771129 -0.756883 -0.610391 -0.398890 -0.187934 -0.146800 -0.098740 -0.052268 -0.022594 -0.008105 -0.934393 -0.877802 -0.622118 -0.552538 -0.020237 -0.235153 -0.110111 -0.061748 -0.026507 -0.009228 11.831519 -0.830684 -0.657658 -0.004422 -0.000138 -0.012976 -0.134402 -0.065275 -0.027194 -0.008895 -0.939436 -0.277853 -0.000000 -0.000000 -0.000042 -0.011150 -0.099790 -0.062129 -0.025724 -0.008191 -0.790946 -0.011238 -0.000000 -0.000000 -0.000000 -0.000167 -0.104361 -0.052591 -0.022028 -0.006934 -0.577405 -0.060946 -0.000000 -0.000000 -0.000964 -0.034131 -0.069044 -0.039379 -0.017114 -0.005534 -0.055638 -0.000002 -0.000000 -0.000000 -0.009668 -0.028146 -0.001589 -0.002034 -0.005878 -0.000216 -0.092050 -0.000001 -0.000000 -0.000012 -0.008429 -0.028292 -0.003027 -0.002049 -0.001211 -0.000375 -0.061582 -0.000107 -0.000000 -0.000244 -0.005910 -0.013157 -0.006392 -0.001026 -0.000815 -0.000237 -0.019206 -0.000060 -0.000005 -0.001884 -0.011696 -0.004222 -0.002599 -0.001042 -0.000319 -0.000091
-0.556910 -0.716807 -0.743043 -0.636758 -0.417724 -0.317020 -0.199052 -0.100348 -0.042144 -0.014689 -0.716531 -0.900534 -0.888668 -0.736785 -0.007591 -0.354345 -0.235696 -0.118547 -0.048465 -0.016068 -0.830684 12.561036 -0.495479 -0.001036 -0.000023 -0.005439 -0.204797 -0.125319 -0.046826 -0.014299 -0.828611 -0.118273 -0.000000 -0.000000 -0.000006 -0.004581 -0.112659 -0.114603 -0.044295 -0.012906 -0.711727 -0.002376 -0.000000 -0.000000 -0.000000 -0.000035 -0.146800 -0.093207 -0.038696 -0.010925 -0.408748 -0.019221 -0.000000 -0.000000 -0.000228 -0.020504 -0.082766 -0.077128 -0.031922 -0.009075 -0.016672 -0.000000 -0.000000 -0.000000 -0.003699 -0.017953 -0.000660 -0.001153 -0.006520 -0.000138 -0.037229 -0.000000 -0.000000 -0.000001 -0.003494 -0.021604 -0.001599 -0.001310 -0.000937 -0.000305 -0.026980 -0.000015 -0.000000 -0.000050 -0.002601 -0.009462 -0.004936 -0.000643 -0.000670 -0.000201 -0.007171 -0.000008 -0.000001 -0.000620 -0.007834 -0.002640 -0.001890 -0.000798 -0.000247 -0.000073
-0.602464 -0.606531 -0.514207 -0.344670 -0.154710 -0.179288 -0.187934 -0.151269 -0.097009 -0.051629 -0.678070 -0.637493 -0.430441 -0.595784 -0.148846 -0.447226 -0.194663 -0.178703 -0.116648 -0.061748 -0.657658 -0.495479 14.230127 -0.040554 -0.002714 -0.119186 -0.361014 -0.188912 -0.128836 -0.065678 -0.573864 -0.595784 -0.000003 -0.000000 -0.000980 -0.104965 -0.387701 -0.188876 -0.121874 -0.061986 -0.471414 -0.057013 -0.000000 -0.000001 -0.000001 -0.003541 -0.309315 -0.167945 -0.101824 -0.052470 -0.462350 -0.189021 -0.000000 -0.000001 -0.012486 -0.201323 -0.249161 -0.111196 -0.073481 -0.039866 -0.128342 -0.000030 -0.000000 -0.000006 -0.069377 -0.154205 -0.021132 -0.026406 -0.047854 -0.004943 -0.146800 -0.000011 -0.000000 -0.000228 -0.054821 -0.124216 -0.029955 -0.022953 -0.015356 -0.006390 -0.089004 -0.000933 -0.000000 -0.002654 -0.035701 -0.062188 -0.039637 -0.011778 -0.009593 -0.003850 -0.033798 -0.000512 -0.000074 -0.011375 -0.042144 -0.023706 -0.017353 -0.009357 -0.004048 -0.001595
-0.008068 -0.004130 -0.001965 -0.000670 -0.000114 -0.000293 -0.000834 -0.001648 -0.002352 -0.002786 -0.006759 -0.002928 -0.000748 -0.002807 -0.697505 -0.004304 -0.000643 -0.001947 -0.003121 -0.004057 -0.004422 -0.001036 -0.040554 7.981185 -0.651994 -0.624155 -0.006352 -0.002058 -0.004631 -0.006397 -0.002872 -0.207971 -0.038363 -0.012515 -0.468703 -0.606531 -0.029857 -0.002505 -0.004380 -0.006662 -0.002138 -0.623675 -0.005522 -0.025375 -0.017500 -0.526612 -0.008068 -0.002712 -0.003317 -0.005639 -0.006832 -0.288800 -0.004727 -0.015594 -0.562829 -0.179288 -0.014282 -0.001098 -0.001782 -0.003519 -0.130607 -0.060224 -0.003615 -0.036873 -0.294631 -0.102217 -0.223216 -0.116491 -0.014994 -0.044551 -0.034131 -0.029204 -0.001720 -0.119095 -0.157047 -0.033954 -0.097121 -0.056100 -0.028292 -0.017676 -0.013959 -0.089004 -0.002958 -0.130331 -0.076127 -0.022838 -0.019806 -0.031763 -0.013157 -0.008748 -0.011649 -0.044270 -0.031123 -0.052631 -0.011375 -0.017339 -0.011649 -0.009431 -0.007458 -0.004868
-0.000319 -0.000139 -0.000058 -0.000017 -0.000002 -0.000008 -0.000035 -0.000101 -0.000204 -0.000343 -0.000241 -0.000086 -0.000017 -0.000096 -0.276415 -0.000219 -0.000024 -0.000119 -0.000280 -0.000534 -0.000138 -0.000023 -0.002714 -0.651994 6.394681 -0.276415 -0.000427 -0.000126 -0.000460 -0.000964 -0.000081 -0.027121 -0.195112 -0.103204 -0.910981 -0.277853 -0.003335 -0.000164 -0.000436 -0.001038 -0.000058 -0.265785 -0.048260 -0.159634 -0.136170 -0.736785 -0.000621 -0.000190 -0.000319 -0.000879 -0.000279 -0.062560 -0.039935 -0.104965 -0.485672 -0.043185 -0.001441 -0.000065 -0.000155 -0.000513 -0.022873 -0.154205 -0.029526 -0.159880 -0.112876 -0.022245 -0.135335 -0.056273 -0.003139 -0.031831 -0.003598 -0.082766 -0.015028 -0.221634 -0.052550 -0.005450 -0.039235 -0.022121 -0.010889 -0.008415 -0.001285 -0.079844 -0.018429 -0.107683 -0.023015 -0.004057 -0.004207 -0.012956 -0.004575 -0.003892 -0.001406 -0.038392 -0.050104 -0.019306 -0.001690 -0.003903 -0.002739 -0.002743 -0.002870 -0.002397
-0.019504 -0.015561 -0.011221 -0.005960 -0.001715 -0.004550 -0.012583 -0.024892 -0.036556 -0.044551 -0.017754 -0.012324 -0.005333 -0.019474 -0.894839 -0.040554 -0.010541 -0.029407 -0.047178 -0.061381 -0.012976 -0.005439 -0.119186 -0.624155 -0.276415 10.290519 -0.065075 -0.031087 -0.064428 -0.086641 -0.009157 -0.258926 -0.003261 -0.000980 -0.163705 -0.945232 -0.201943 -0.035805 -0.060946 -0.087764 -0.007009 -0.294688 -0.000301 -0.002479 -0.001965 -0.329193 -0.073991 -0.036675 -0.047442 -0.074291 -0.016065 -0.237378 -0.000265 -0.001441 -0.382005 -0.472775 -0.104965 -0.017048 -0.027690 -0.048999 -0.093404 -0.006562 -0.000209 -0.004884 -0.388597 -0.292881 -0.378278 -0.325168 -0.113463 -0.168883 -0.036973 -0.002928 -0.000094 -0.031514 -0.231386 -0.124814 -0.229437 -0.184888 -0.130081 -0.093404 -0.016892 -0.022873 -0.000213 -0.067017 -0.121874 -0.077262 -0.079171 -0.101824 -0.065729 -0.048858 -0.011296 -0.011696 -0.006780 -0.052591 -0.032567 -0.048325 -0.042855 -0.039874 -0.034289 -0.025022
-0.107043 -0.197224 -0.299946 -0.367950 -0.320945 -0.504320 -0.688711 -0.736785 -0.640688 -0.462350 -0.127923 -0.224550 -0.294631 -0.531289 -0.052108 -0.877802 -0.757465 -0.870408 -0.755139 -0.531289 -0.134402 -0.204797 -0.361014 -0.006352 -0.000427 -0.065075 21.407770 -0.920133 -0.785492 -0.521675 -0.124526 -0.087075 -0.000000 -0.000000 -0.000134 -0.056175 -0.795674 -0.883898 -0.743043 -0.482601 -0.104361 -0.004139 -0.000000 -0.000000 -0.000000 -0.000980 -0.790946 -0.755139 -0.633340 -0.408513 -0.080522 -0.020468 -0.000000 -0.000000 -0.002760 -0.157531 -0.542956 -0.552538 -0.485298 -0.323049 -0.009462 -0.000001 -0.000000 -0.000000 -0.024778 -0.128120 -0.015960 -0.037988 -0.187934 -0.015654 -0.014607 -0.000000 -0.000000 -0.000019 -0.021209 -0.123549 -0.028758 -0.037229 -0.042079 -0.025719 -0.009593 -0.000044 -0.000000 -0.000361 -0.014666 -0.058254 -0.055638 -0.018725 -0.027914 -0.016130 -0.003105 -0.000024 -0.000004 -0.002503 -0.026345 -0.019306 -0.022940 -0.018168 -0.011092 -0.006292
-0.048736 -0.108035 -0.195864 -0.289077 -0.311882 -0.513417 -0.721091 -0.800737 -0.729456 -0.551477 -0.059877 -0.127629 -0.207133 -0.384140 -0.022275 -0.756883 -0.815338 -0.945959 -0.851869 -0.622118 -0.065275 -0.125319 -0.188912 -0.002058 -0.000126 -0.031087 -0.920133 20.400752 -0.861917 -0.588725 -0.062177 -0.032977 -0.000000 -0.000000 -0.000037 -0.026589 -0.637493 -0.943054 -0.815338 -0.539626 -0.052591 -0.001135 -0.000000 -0.000000 -0.000000 -0.000342 -0.701404 -0.790946 -0.701404 -0.456784 -0.036324 -0.006750 -0.000000 -0.000000 -0.000954 -0.088851 -0.447226 -0.606064 -0.552538 -0.367950 -0.002870 -0.000000 -0.000000 -0.000000 -0.010690 -0.074291 -0.008062 -0.023515 -0.168332 -0.011556 -0.005089 -0.000000 -0.000000 -0.000005 -0.009494 -0.077843 -0.016227 -0.024357 -0.031922 -0.021209 -0.003468 -0.000010 -0.000000 -0.000110 -0.006750 -0.035701 -0.037409 -0.012138 -0.021771 -0.013549 -0.001042 -0.000006 -0.000001 -0.000949 -0.014717 -0.011092 -0.015002 -0.012916 -0.008415 -0.005141
-0.022856 -0.049453 -0.089004 -0.128219 -0.128342 -0.265785 -0.485765 -0.690169 -0.790946 -0.752241 -0.026691 -0.054600 -0.082211 -0.198403 -0.041310 -0.531289 -0.522076 -0.815338 -0.939436 -0.877802 -0.027194 -0.046826 -0.128836 -0.004631 -0.000460 -0.064428 -0.785492 -0.861917 20.120358 -0.888839 -0.024621 -0.029697 -0.000000 -0.000000 -0.000152 -0.056046 -0.701404 -0.840806 -0.945959 -0.828611 -0.020476 -0.001847 -0.000000 -0.000000 -0.000000 -0.001260 -0.640688 -0.729456 -0.800122 -0.701404 -0.017326 -0.007834 -0.000000 -0.000000 -0.002611 -0.135804 -0.467713 -0.513615 -0.599114 -0.546201 -0.002834 -0.000001 -0.000000 -0.000000 -0.019493 -0.107931 -0.020666 -0.056882 -0.283355 -0.037988 -0.003898 -0.000000 -0.000000 -0.000018 -0.016180 -0.097121 -0.033954 -0.053232 -0.072862 -0.056914 -0.002483 -0.000023 -0.000000 -0.000278 -0.010933 -0.046862 -0.056762 -0.026980 -0.047233 -0.035150 -0.000854 -0.000013 -0.000003 -0.001601 -0.016711 -0.016390 -0.023949 -0.024241 -0.019206 -0.014032
-0.008237 -0.017829 -0.032548 -0.046907 -0.045060 -0.114890 -0.265785 -0.471414 -0.665160 -0.778876 -0.009228 -0.018625 -0.026913 -0.082211 -0.049711 -0.294631 -0.274034 -0.556910 -0.801045 -0.934393 -0.008895 -0.014299 -0.065678 -0.006397 -0.000964 -0.086641 -0.521675 -0.588725 -0.888839 16.760839 -0.007726 -0.018625 -0.000000 -0.000000 -0.000352 -0.076420 -0.573312 -0.590425 -0.840806 -0.945232 -0.006337 -0.001881 -0.000000 -0.000000 -0.000000 -0.002712 -0.449726 -0.526612 -0.701404 -0.800122 -0.006331 -0.006047 -0.000000 -0.000000 -0.004320 -0.142353 -0.366750 -0.345998 -0.503835 -0.606064 -0.001878 -0.000001 -0.000000 -0.000001 -0.023134 -0.108535 -0.033746 -0.090384 -0.341504 -0.080786 -0.002099 -0.000000 -0.000000 -0.000038 -0.018168 -0.086226 -0.046961 -0.077843 -0.112659 -0.102512 -0.001265 -0.000032 -0.000000 -0.000423 -0.011778 -0.043368 -0.060351 -0.040005 -0.070060 -0.061582 -0.000486 -0.000017 -0.000006 -0.001748 -0.013461 -0.016711 -0.026543 -0.031297 -0.029697 -0.025625
-0.561640 -0.571991 -0.476425 -0.323049 -0.160126 -0.121103 -0.078143 -0.039866 -0.016685 -0.005795 -0.771129 -0.755139 -0.563046 -0.479733 -0.012780 -0.199512 -0.098740 -0.052631 -0.021775 -0.007306 -0.939436 -0.828611 -0.573864 -0.002872 -0.000081 -0.009157 -0.124526 -0.062177 -0.024621 -0.007726 11.017607 -0.243666 -0.000000 -0.000000 -0.000027 -0.008753 -0.096414 -0.065527 -0.026028 -0.007914 -0.945232 -0.009371 -0.000000 -0.000000 -0.000000 -0.000126 -0.118547 -0.061416 -0.025022 -0.007486 -0.729597 -0.062284 -0.000000 -0.000000 -0.000854 -0.036528 -0.084470 -0.052591 -0.022028 -0.006739 -0.064428 -0.000001 -0.000000 -0.000000 -0.010690 -0.034131 -0.001702 -0.002280 -0.007499 -0.000237 -0.127653 -0.000000 -0.000000 -0.000011 -0.010610 -0.039966 -0.003827 -0.002640 -0.001589 -0.000485 -0.097215 -0.000126 -0.000000 -0.000298 -0.008429 -0.020484 -0.009861 -0.001470 -0.001211 -0.000346 -0.032655 -0.000079 -0.000006 -0.002881 -0.020539 -0.007112 -0.004419 -0.001748 -0.000523 -0.000147
-0.261076 -0.177232 -0.104965 -0.047442 -0.012914 -0.017154 -0.022121 -0.021144 -0.015543 -0.009482 -0.295312 -0.180707 -0.073991 -0.125995 -0.323360 -0.090384 -0.023028 -0.027914 -0.021637 -0.013601 -0.277853 -0.118273 -0.595784 -0.207971 -0.027121 -0.258926 -0.087075 -0.032977 -0.029697 -0.018625 -0.243666 9.927193 -0.000197 -0.000026 -0.014013 -0.264003 -0.177641 -0.039546 -0.031393 -0.020350 -0.215915 -0.368800 -0.000012 -0.000096 -0.000044 -0.031978 -0.107331 -0.042176 -0.028292 -0.019251 -0.361778 -0.673523 -0.000012 -0.000058 -0.095437 -0.322925 -0.128219 -0.026148 -0.020519 -0.015229 -0.513615 -0.001573 -0.000011 -0.000350 -0.253558 -0.248586 -0.079217 -0.062188 -0.037459 -0.011126 -0.386214 -0.000706 -0.000005 -0.006113 -0.194364 -0.162764 -0.082085 -0.048858 -0.025390 -0.010513 -0.227155 -0.020504 -0.000018 -0.033954 -0.127212 -0.101258 -0.061986 -0.029025 -0.015942 -0.006596 -0.127923 -0.012138 -0.002654 -0.069590 -0.079844 -0.055254 -0.033720 -0.018092 -0.008358 -0.003395
-0.000000 -0.000000 -0.000000 -0.000000 -0.000000 -0.000000 -0.000000 -0.000000 -0.000000 -0.000000 -0.000000 -0.000000 -0.000000 -0.000000 -0.003644 -0.000000 -0.000000 -0.000000 -0.000000 -0.000000 -0.000000 -0.000000 -0.000003 -0.038363 -0.195112 -0.003261 -0.000000 -0.000000 -0.000000 -0.000000 -0.000000 -0.000197 8.157387 -0.861917 -0.312182 -0.003907 -0.000002 -0.000000 -0.000000 -0.000000 -0.000000 -0.020674 -0.776932 -0.888668 -0.736785 -0.097570 -0.000000 -0.000000 -0.000000 -0.000000 -0.000000 -0.001494 -0.673523 -0.743043 -0.044108 -0.000222 -0.000001 -0.000000 -0.000000 -0.000000 -0.000628 -0.459426 -0.521675 -0.546201 -0.002431 -0.000105 -0.002937 -0.000513 -0.000004 -0.000257 -0.000042 -0.334488 -0.337653 -0.168332 -0.000977 -0.000016 -0.000438 -0.000153 -0.000047 -0.000035 -0.000013 -0.040112 -0.242544 -0.019395 -0.000394 -0.000016 -0.000015 -0.000107 -0.000018 -0.000016 -0.000026 -0.020206 -0.055638 -0.000825 -0.000008 -0.000028 -0.000014 -0.000013 -0.000015 -0.000013
-0.000000 -0.000000 -0.000000 -0.000000 -0.000000 -0.000000 -0.000000 -0.000000 -0.000000 -0.000000 -0.000000 -0.000000 -0.000000 -0.000000 -0.000980 -0.000000 -0.000000 -0.000000 -0.000000 -0.000000 -0.000000 -0.000000 -0.000000 -0.012515 -0.103204 -0.000980 -0.000000 -0.000000 -0.000000 -0.000000 -0.000000 -0.000026 -0.861917 7.686663 -0.185886 -0.001194 -0.000000 -0.000000 -0.000000 -0.000000 -0.000000 -0.004879 -0.877802 -0.900534 -0.877802 -0.052108 -0.000000 -0.000000 -0.000000 -0.000000 -0.000000 -0.000251 -0.748203 -0.778876 -0.017500 -0.000049 -0.000000 -0.000000 -0.000000 -0.000000 -0.000090 -0.265785 -0.569797 -0.459514 -0.000643 -0.000022 -0.001092 -0.000180 -0.000001 -0.000122 -0.000005 -0.203580 -0.381491 -0.092778 -0.000241 -0.000003 -0.000133 -0.000048 -0.000015 -0.000014 -0.000001 -0.013735 -0.231386 -0.007123 -0.000092 -0.000003 -0.000003 -0.000034 -0.000006 -0.000006 -0.000003 -0.006803 -0.026980 -0.000202 -0.000001 -0.000006 -0.000003 -0.000004 -0.000005 -0.000005
-0.000084 -0.000033 -0.000013 -0.000003 -0.000000 -0.000002 -0.000008 -0.000024 -0.000052 -0.000094 -0.000069 -0.000022 -0.000004 -0.000024 -0.146490 -0.000058 -0.000006 -0.000031 -0.000080 -0.000167 -0.000042 -0.000006 -0.000980 -0.468703 -0.910981 -0.163705 -0.000134 -0.000037 -0.000152 -0.000352 -0.000027 -0.014013 -0.312182 -0.185886 7.382802 -0.185886 -0.001374 -0.000055 -0.000161 -0.000428 -0.000021 -0.223688 -0.102512 -0.294801 -0.259724 -0.785794 -0.000254 -0.000073 -0.000130 -0.000405 -0.000129 -0.047442 -0.093782 -0.221336 -0.514207 -0.029407 -0.000718 -0.000026 -0.000069 -0.000258 -0.018768 -0.286753 -0.076655 -0.327552 -0.103144 -0.016390 -0.133347 -0.049787 -0.002054 -0.029719 -0.002808 -0.177641 -0.044551 -0.387701 -0.051401 -0.004073 -0.037967 -0.020504 -0.009668 -0.007716 -0.001074 -0.132810 -0.054821 -0.162576 -0.024357 -0.003500 -0.003708 -0.013565 -0.004395 -0.003903 -0.001430 -0.070601 -0.108285 -0.025157 -0.001594 -0.004057 -0.002786 -0.002881 -0.003182 -0.002775
-0.013565 -0.010690 -0.007626 -0.004001 -0.001132 -0.003036 -0.008512 -0.017048 -0.025307 -0.031177 -0.013735 -0.009404 -0.004001 -0.014813 -0.756883 -0.031087 -0.007932 -0.022507 -0.036556 -0.048149 -0.011150 -0.004581 -0.104965 -0.606531 -0.277853 -0.945232 -0.056175 -0.026589 -0.056046 -0.076420 -0.008753 -0.264003 -0.003907 -0.001194 -0.185886 12.840587 -0.199359 -0.034328 -0.059248 -0.086641 -0.007475 -0.354345 -0.000414 -0.003335 -0.002655 -0.409456 -0.080259 -0.039417 -0.051461 -0.081959 -0.019504 -0.309315 -0.000406 -0.002173 -0.522076 -0.606647 -0.128812 -0.020319 -0.033411 -0.060224 -0.135387 -0.010690 -0.000356 -0.008068 -0.571991 -0.418046 -0.562829 -0.476425 -0.159236 -0.249352 -0.058523 -0.005356 -0.000180 -0.055981 -0.378278 -0.196354 -0.374515 -0.299946 -0.209737 -0.151298 -0.029697 -0.044372 -0.000449 -0.128219 -0.221634 -0.136459 -0.140262 -0.184888 -0.117888 -0.088170 -0.022468 -0.025317 -0.015017 -0.108368 -0.064082 -0.096414 -0.085237 -0.079675 -0.069044 -0.050695
-0.074792 -0.114581 -0.148275 -0.151240 -0.102354 -0.189021 -0.317692 -0.408748 -0.417724 -0.354276 -0.093207 -0.132937 -0.135335 -0.300350 -0.144699 -0.556910 -0.364360 -0.539626 -0.563046 -0.476425 -0.099790 -0.112659 -0.387701 -0.029857 -0.003335 -0.201943 -0.795674 -0.637493 -0.701404 -0.573312 -0.096414 -0.177641 -0.000002 -0.000000 -0.001374 -0.199359 21.205231 -0.716669 -0.741474 -0.606531 -0.088238 -0.021156 -0.000000 -0.000002 -0.000001 -0.008318 -0.861917 -0.716531 -0.690169 -0.573753 -0.100348 -0.073707 -0.000000 -0.000001 -0.020319 -0.450419 -0.795215 -0.522076 -0.551477 -0.484180 -0.035530 -0.000016 -0.000000 -0.000008 -0.117187 -0.382005 -0.088714 -0.167654 -0.434765 -0.077530 -0.043368 -0.000007 -0.000000 -0.000322 -0.102217 -0.334488 -0.135439 -0.159880 -0.164779 -0.107931 -0.029025 -0.000578 -0.000000 -0.003888 -0.073707 -0.188876 -0.188912 -0.091961 -0.113988 -0.072235 -0.012624 -0.000353 -0.000083 -0.017299 -0.091151 -0.082211 -0.093279 -0.079171 -0.054244 -0.033746
-0.037952 -0.082085 -0.145647 -0.209737 -0.218756 -0.367950 -0.531289 -0.604668 -0.562829 -0.434765 -0.051629 -0.107043 -0.167945 -0.320205 -0.022957 -0.640688 -0.665160 -0.798278 -0.736785 -0.551477 -0.062129 -0.114603 -0.188876 -0.002505 -0.000164 -0.035805 -0.883898 -0.943054 -0.840806 -0.590425 -0.065527 -0.039546 -0.000000 -0.000000 -0.000055 -0.034328 -0.716669 20.718916 -0.888839 -0.606647 -0.061748 -0.001694 -0.000000 -0.000000 -0.000000 -0.000546 -0.851869 -0.943054 -0.851869 -0.573864 -0.049453 -0.010586 -0.000000 -0.000000 -0.001646 -0.135127 -0.622118 -0.795215 -0.743043 -0.513417 -0.004984 -0.000000 -0.000000 -0.000000 -0.019144 -0.125102 -0.014751 -0.041725 -0.274034 -0.020821 -0.009431 -0.000000 -0.000000 -0.000011 -0.018768 -0.142490 -0.031978 -0.047414 -0.061381 -0.041159 -0.007094 -0.000024 -0.000000 -0.000266 -0.014774 -0.073707 -0.077709 -0.026487 -0.046351 -0.029204 -0.002442 -0.000015 -0.000003 -0.002385 -0.033746 -0.026148 -0.035150 -0.030542 -0.020206 -0.012498
-0.017313 -0.037459 -0.067418 -0.097121 -0.097215 -0.201323 -0.367950 -0.522779 -0.599114 -0.569797 -0.022594 -0.046218 -0.069590 -0.167945 -0.034968 -0.449726 -0.441928 -0.690169 -0.795215 -0.743043 -0.025724 -0.044295 -0.121874 -0.004380 -0.000436 -0.060946 -0.743043 -0.815338 -0.945959 -0.840806 -0.026028 -0.031393 -0.000000 -0.000000 -0.000161 -0.059248 -0.741474 -0.888839 20.698885 -0.875948 -0.024189 -0.002183 -0.000000 -0.000000 -0.000000 -0.001488 -0.756883 -0.861751 -0.945232 -0.828611 -0.022873 -0.010342 -0.000000 -0.000000 -0.003447 -0.179288 -0.617472 -0.678070 -0.790946 -0.721091 -0.004181 -0.000001 -0.000000 -0.000001 -0.028758 -0.159236 -0.030489 -0.083920 -0.418046 -0.056046 -0.006427 -0.000000 -0.000000 -0.000029 -0.026676 -0.160126 -0.055981 -0.087764 -0.120130 -0.093836 -0.004574 -0.000043 -0.000000 -0.000512 -0.020144 -0.086342 -0.104582 -0.049711 -0.087025 -0.064763 -0.001759 -0.000026 -0.000006 -0.003296 -0.034408 -0.033746 -0.049311 -0.049912 -0.039546 -0.028891
-0.006139 -0.013126 -0.023706 -0.033746 -0.031873 -0.082148 -0.192690 -0.345998 -0.493483 -0.584103 -0.007651 -0.015229 -0.021637 -0.067017 -0.045060 -0.242032 -0.220996 -0.456784 -0.665160 -0.785492 -0.008191 -0.012906 -0.061986 -0.006662 -0.001038 -0.087764 -0.482601 -0.539626 -0.828611 -0.945232 -0.007914 -0.020350 -0.000000 -0.000000 -0.000428 -0.086641 -0.606531 -0.606647 -0.875948 17.690249 -0.007243 -0.002424 -0.000000 -0.000000 -0.000000 -0.003615 -0.522779 -0.606531 -0.815338 -0.945959 -0.008237 -0.008444 -0.000000 -0.000000 -0.006327 -0.195751 -0.482322 -0.441928 -0.651493 -0.798278 -0.002917 -0.000002 -0.000000 -0.000002 -0.036492 -0.166019 -0.053808 -0.141916 -0.513615 -0.127825 -0.003560 -0.000001 -0.000000 -0.000072 -0.031831 -0.145368 -0.082148 -0.135335 -0.194663 -0.177949 -0.002383 -0.000066 -0.000000 -0.000868 -0.022953 -0.082085 -0.114581 -0.077843 -0.134661 -0.119095 -0.001036 -0.000040 -0.000013 -0.003860 -0.028385 -0.035729 -0.056576 -0.067017 -0.064082 -0.055638
